1	1	-7.7	0	0
1	2	-7.3	1.745	4.99
1	3	-7.3	1.49	2.013
1	4	-7.3	2.241	4.851
1	5	-7.2	3.676	5.687
1	6	-6.7	3.84	6.788
1	7	-6.7	1.646	2.066
1	8	-6.4	4.337	6.537
1	9	-6.4	3.174	5.768
2	1	-7.5	0	0
2	2	-7.4	1.551	2.037
2	3	-7.4	1.792	4.845
2	4	-7.1	2.248	4.788
2	5	-7.1	4.343	6.691
2	6	-7	3.728	5.658
2	7	-7	2.329	4.953
2	8	-6.7	2.001	5.133
2	9	-6.6	3.822	6.809
3	1	-7	0	0
3	2	-6.8	2.204	4.5
3	3	-6.8	4.08	6.492
3	4	-6.8	1.784	2.401
3	5	-6.7	2.941	4.38
3	6	-6.7	1.831	4.512
3	7	-6.4	2.239	4.202
3	8	-6.3	3.836	6.256
3	9	-6.2	1.365	1.87
4	1	-6.9	0	0
4	2	-6.6	2.295	4.234
4	3	-6.5	2.739	6.448
4	4	-6.3	2.636	6.106
4	5	-6.3	2.697	5.554
4	6	-6.2	2.52	6.233
4	7	-6.1	2.222	4.071
4	8	-6	2.51	4.724
4	9	-5.9	2.7	6.042
5	1	-7	0	0
5	2	-6.9	1.106	1.644
5	3	-6.6	3.018	5.484
5	4	-6.3	3.67	6.119
5	5	-6.3	1.633	2.247
5	6	-6.1	2.909	5.451
5	7	-6	4.424	6.819
5	8	-6	2.948	5.482
5	9	-5.8	1.338	1.866
6	1	-7.3	0	0
6	2	-7	2.711	5.218
6	3	-6.9	2.3	4.796
6	4	-6.9	2.676	6.494
6	5	-6.9	2.996	6.302
6	6	-6.7	1.836	5.023
6	7	-6.5	2.24	3.217
6	8	-6.2	2.844	5.75
6	9	-6.2	2.714	5.266
7	1	-7.7	0	0
7	2	-7.4	1.554	2.006
7	3	-7.1	5.07	7.841
7	4	-7.1	1.775	2.196
7	5	-7.1	1.904	4.736
7	6	-7	1.665	4.82
7	7	-7	2.132	5.156
7	8	-6.8	3.686	5.729
7	9	-6.7	3.673	5.966
8	1	-6.8	0	0
8	2	-6.7	2.049	3.299
8	3	-6.4	2.718	5.302
8	4	-6.3	2.868	6.33
8	5	-6.2	2.855	4.66
8	6	-6.2	1.793	2.313
8	7	-6.1	1.724	2.198
8	8	-6.1	2.703	5.382
8	9	-6.1	2.471	5.867
9	1	-7.7	0	0
9	2	-7.3	0.81	1.42
9	3	-7.2	1.734	4.961
9	4	-7.1	3.65	5.668
9	5	-7.1	2.255	4.677
9	6	-7	2.334	4.972
9	7	-7	1.885	2.587
9	8	-6.6	3.849	6.741
9	9	-6.4	3.69	6.295
10	1	-7.7	0	0
10	2	-7.4	1.743	4.964
10	3	-7.3	2.295	4.806
10	4	-7.2	3.63	5.662
10	5	-7.2	1.169	1.506
10	6	-6.6	1.555	2.004
10	7	-6.5	3.857	5.405
10	8	-6.4	3.951	6.57
10	9	-6.4	2.515	4.801
11	1	-7.5	0	0
11	2	-7.4	1.125	1.47
11	3	-7.3	1.795	4.852
11	4	-7.1	2.228	4.835
11	5	-6.4	3.372	5.986
11	6	-6.4	3.142	5.799
11	7	-6.4	4.56	6.888
11	8	-6.3	1.925	4.639
11	9	-6.3	3.924	5.558
12	1	-7.3	0	0
12	2	-7.2	3.06	4.313
12	3	-7.1	1.637	2.385
12	4	-7.1	4.027	6.458
12	5	-7	2.43	4.77
12	6	-7	1.52	2.06
12	7	-6.7	2.285	4.207
12	8	-6.6	2.034	4.45
12	9	-6.6	3.926	6.087
13	1	-6.9	0	0
13	2	-6.6	2.246	4.209
13	3	-6.5	2.744	6.431
13	4	-6.4	2.835	5.646
13	5	-6.3	2.491	6.201
13	6	-6.3	2.647	6.12
13	7	-6.1	3.394	6.853
13	8	-6.1	3.373	5.856
13	9	-6.1	2.574	5.207
14	1	-7	0	0
14	2	-6.6	3.032	5.481
14	3	-6.3	2.237	3.778
14	4	-6.2	3.554	5.991
14	5	-6.2	2.916	5.4
14	6	-6.2	3.804	6.035
14	7	-6	4.403	6.783
14	8	-6	2.999	4.679
14	9	-5.9	3.129	5.648
15	1	-7.3	0	0
15	2	-7.1	1.371	1.933
15	3	-7	2.725	5.275
15	4	-6.9	2.341	4.862
15	5	-6.9	1.132	1.601
15	6	-6.7	1.901	4.993
15	7	-6.4	2.437	4.869
15	8	-6.4	1.685	2.329
15	9	-6	2.918	5.939
16	1	-7.7	0	0
16	2	-7.4	1.55	2.124
16	3	-7.1	3.568	6.186
16	4	-7.1	1.902	4.723
16	5	-7	1.833	4.828
16	6	-6.9	2.155	5.143
16	7	-6.8	2.237	5.2
16	8	-6.8	3.541	5.745
16	9	-6.7	3.666	5.735
17	1	-6.8	0	0
17	2	-6.6	2.054	3.334
17	3	-6.4	2.969	5.597
17	4	-6.4	2.708	5.296
17	5	-6.4	2.943	6.444
17	6	-6.4	2.634	4.948
17	7	-6.2	2.274	3.399
17	8	-6.1	1.779	2.356
17	9	-6.1	2.274	5.291
18	1	-6.9	0	0
18	2	-6.6	2.246	4.224
18	3	-6.5	2.701	6.394
18	4	-6.5	3.648	6.042
18	5	-6.4	2.137	3.371
18	6	-6.2	2.819	6.331
18	7	-6.1	2.541	3.703
18	8	-6.1	2.587	5.211
18	9	-6	2.591	5.477
19	1	-7	0	0
19	2	-6.8	1.104	1.638
19	3	-6.6	3.014	5.463
19	4	-6.3	2.235	3.853
19	5	-6.3	3.671	6.106
19	6	-6.2	2.865	5.04
19	7	-6.1	3.039	5.463
19	8	-6.1	4.351	6.788
19	9	-6	2.139	4.697
20	1	-7.7	0	0
20	2	-7.3	1.575	2.111
20	3	-7.2	1.89	4.762
20	4	-7.1	1.794	2.224
20	5	-7	1.296	1.512
20	6	-6.8	2.201	4.787
20	7	-6.7	3.689	5.756
20	8	-6.6	2.188	5.276
20	9	-6.6	3.756	6.875
21	1	-6.7	0	0
21	2	-6.6	2.297	3.783
21	3	-6.5	2.971	5.549
21	4	-6.4	2.905	6.389
21	5	-6.4	2.681	5.308
21	6	-6.3	1.99	3.142
21	7	-6.3	3.757	6.11
21	8	-6.1	2.489	3.871
21	9	-6.1	2.616	6.096
22	1	-7.7	0	0
22	2	-7.3	1.732	5.002
22	3	-7.3	0.856	1.527
22	4	-7.2	3.678	5.693
22	5	-7.1	2.187	4.808
22	6	-6.4	3.245	5.841
22	7	-6.4	3.495	6.007
22	8	-6.2	2.297	3.211
22	9	-6.2	1.686	2.219
23	1	-6.7	0	0
23	2	-6.5	2.158	4.669
23	3	-6.4	2.22	4.237
23	4	-6.4	2.204	5.454
23	5	-6.2	2.459	5.424
23	6	-6.1	2.635	5.144
23	7	-6.1	2.221	4.984
23	8	-6.1	2.415	3.801
23	9	-6.1	2.182	5.126
24	1	-7	0	0
24	2	-6.8	1.154	1.716
24	3	-6.6	3.014	5.485
24	4	-6.2	3.794	6.083
24	5	-6.2	2.925	5.412
24	6	-6.2	2.127	4.707
24	7	-6	4.031	6.547
24	8	-6	2.618	5.011
24	9	-5.8	2.889	5.472
25	1	-7.7	0	0
25	2	-7.4	1.573	2.142
25	3	-7.1	1.735	2.232
25	4	-7.1	5.102	7.873
25	5	-7	1.68	2.082
25	6	-6.9	1.915	4.752
25	7	-6.9	2.172	5.177
25	8	-6.7	3.665	5.736
25	9	-6.7	3.441	5.593
26	1	-7	0	0
26	2	-6.9	1.117	1.664
26	3	-6.8	1.11	1.537
26	4	-6.6	2.999	5.481
26	5	-6.5	1.489	2.139
26	6	-6.3	3.671	6.118
26	7	-6.2	2.928	5.405
26	8	-6.1	2.302	4.814
26	9	-5.9	2.074	4.58
27	1	-6.9	0	0
27	2	-6.6	2.242	4.192
27	3	-6.4	2.613	6.252
27	4	-6.4	2.15	3.496
27	5	-6.3	2.644	5.376
27	6	-6.3	2.669	6.136
27	7	-6.1	2.861	6.391
27	8	-6	2.432	3.465
27	9	-6	2.511	6.202
28	1	-7.7	0	0
28	2	-7.3	1.725	5.033
28	3	-7.2	2.218	4.836
28	4	-7.1	3.627	5.657
28	5	-6.7	3.832	6.751
28	6	-6.7	1.561	2.015
28	7	-6.6	1.65	2.07
28	8	-6.4	3.157	5.79
28	9	-6.4	3.694	5.619
29	1	-6.9	0	0
29	2	-6.6	2.246	4.201
29	3	-6.5	2.709	6.34
29	4	-6.4	2.666	6.12
29	5	-6.4	2.186	3.53
29	6	-6.3	2.498	6.149
29	7	-6.3	2.629	5.354
29	8	-6.2	2.294	3.658
29	9	-6.2	2.837	6.342
30	1	-7.7	0	0
30	2	-7.5	0.842	1.24
30	3	-7.3	1.716	4.99
30	4	-7.2	2.244	4.843
30	5	-7.1	3.641	5.694
30	6	-6.8	1.484	1.91
30	7	-6.8	1.367	1.889
30	8	-6.5	3.198	5.798
30	9	-6.3	3.704	5.758
31	1	-7	0	0
31	2	-6.9	0.952	1.289
31	3	-6.8	1.104	1.639
31	4	-6.6	3.008	5.477
31	5	-6.3	3.657	6.098
31	6	-6.2	2.861	5.027
31	7	-6.2	2.152	4.704
31	8	-6.2	2.331	3.954
31	9	-6.1	2.978	5.469
32	1	-7.7	0	0
32	2	-7.4	1.765	4.95
32	3	-7.3	2.222	4.811
32	4	-7.2	3.662	5.702
32	5	-6.9	1.993	2.442
32	6	-6.8	4.124	6.409
32	7	-6.5	3.237	5.829
32	8	-6.5	4.056	6.543
32	9	-6.3	1.925	4.802
33	1	-7.5	0	0
33	2	-7.3	1.821	4.883
33	3	-7.1	3.728	5.648
33	4	-7.1	2.254	4.688
33	5	-7	2.334	4.909
33	6	-6.8	4.262	6.559
33	7	-6.5	2	4.654
33	8	-6.4	3.731	5.795
33	9	-6.4	2.576	4.641
34	1	-8	0	0
34	2	-7.3	2.891	5.26
34	3	-7	2.02	4.458
34	4	-6.8	1.93	2.494
34	5	-6.8	2.884	5.306
34	6	-6.7	3.445	5.891
34	7	-6.6	4.227	6.568
34	8	-6.6	2.968	5.245
34	9	-6.4	2.606	4.918
35	1	-6.9	0	0
35	2	-6.6	2.191	4.095
35	3	-6.4	2.559	6.239
35	4	-6.3	2.487	6.135
35	5	-6	2.442	5.895
35	6	-6	3.136	6.003
35	7	-5.9	2.383	5.79
35	8	-5.9	2.295	2.572
35	9	-5.9	2.645	4.503
36	1	-7.7	0	0
36	2	-7.4	1.727	4.994
36	3	-7.2	3.665	5.678
36	4	-7	2.377	4.995
36	5	-7	2.112	4.757
36	6	-6.8	3.822	6.741
36	7	-6.5	3.163	5.788
36	8	-6.5	1.611	2.137
36	9	-6.4	3.672	6.14
37	1	-7.6	0	0
37	2	-7.4	4.161	6.635
37	3	-7.2	2.872	4.338
37	4	-7.1	4.24	6.547
37	5	-7.1	2.427	3.083
37	6	-7.1	2.967	4.346
37	7	-7	2.232	4.95
37	8	-6.9	4.299	6.67
37	9	-6.8	2.029	4.704
38	1	-7.4	0	0
38	2	-7.2	3.943	6.376
38	3	-7	4.162	6.406
38	4	-6.9	1.961	3.221
38	5	-6.8	2.772	4.062
38	6	-6.8	3.413	5.706
38	7	-6.8	4.412	7.051
38	8	-6.6	3.761	5.61
38	9	-6.6	4.29	6.567
39	1	-7.4	0	0
39	2	-7.4	4.42	7.018
39	3	-7.3	4.055	6.41
39	4	-7.3	0.983	1.575
39	5	-7.2	1.901	2.826
39	6	-7.1	4.259	6.581
39	7	-7.1	3.57	5.277
39	8	-7	3.73	5.08
39	9	-6.7	2.575	4.217
40	1	-7.8	0	0
40	2	-7.8	1.305	1.464
40	3	-7.5	2.488	5.454
40	4	-7.5	2.507	5.467
40	5	-7.3	4.265	6.793
40	6	-7.3	3.27	5.767
40	7	-6.8	1.609	1.946
40	8	-6.7	3.682	6.018
40	9	-6.7	3.574	6.122
41	1	-8.3	0	0
41	2	-7.8	2.748	5.502
41	3	-7.8	2.75	5.515
41	4	-7.5	3.94	6.231
41	5	-7.4	4.21	7.028
41	6	-7.1	1.669	2.315
41	7	-7	3.626	5.745
41	8	-6.9	4.007	7.627
41	9	-6.6	2.438	5.42
42	1	-7.4	0	0
42	2	-7.2	2.875	4.115
42	3	-7	4.057	6.297
42	4	-6.9	1.902	2.57
42	5	-6.8	1.912	4.634
42	6	-6.8	2.371	4.926
42	7	-6.7	2.116	3.18
42	8	-6.7	4.054	6.458
42	9	-6.5	2.042	3.077
43	1	-7.6	0	0
43	2	-7.3	4.075	6.734
43	3	-7.3	1.733	2.843
43	4	-7.2	4.302	6.581
43	5	-7.1	2.872	4.295
43	6	-7.1	3.241	4.842
43	7	-7	1.839	2.694
43	8	-7	4.044	5.37
43	9	-7	2.016	4.707
44	1	-7.3	0	0
44	2	-7.2	0.698	1.394
44	3	-7.2	4.019	6.422
44	4	-7.2	2.927	4.237
44	5	-6.9	2.829	4.424
44	6	-6.8	2.162	3.233
44	7	-6.8	4.028	6.415
44	8	-6.8	3.933	6.2
44	9	-6.7	1.779	2.935
45	1	-7.4	0	0
45	2	-7.1	3.43	4.724
45	3	-6.8	2.141	3.63
45	4	-6.8	4.346	6.768
45	5	-6.8	2.166	4.671
45	6	-6.6	2.744	4.679
45	7	-6.5	2.2	3.531
45	8	-6.4	3.667	6.245
45	9	-6.3	2.778	4.247
46	1	-8.2	0	0
46	2	-7.6	2.696	5.456
46	3	-7.3	2.113	5.003
46	4	-7.2	3.39	5.548
46	5	-7.1	2.135	2.823
46	6	-7	4.328	7.705
46	7	-7	4.172	6.851
46	8	-6.8	3.789	6.019
46	9	-6.5	4.023	6.87
47	1	-7.9	0	0
47	2	-7.9	0.797	1.153
47	3	-7.6	2.65	5.414
47	4	-7.6	2.55	5.444
47	5	-7.3	3.998	5.904
47	6	-7.3	3.434	5.931
47	7	-7.2	1.513	2.286
47	8	-7.1	1.737	2.348
47	9	-6.8	2.584	5.628
48	1	-8	0	0
48	2	-7.9	2.605	5.486
48	3	-7.5	4.8	7.148
48	4	-7.1	3.632	5.962
48	5	-6.8	4.274	7.748
48	6	-6.8	4.18	6.532
48	7	-6.7	1.839	2.506
48	8	-6.3	2.082	3.434
48	9	-6.2	2.225	3
49	1	-7.7	0	0
49	2	-7.4	1.742	4.98
49	3	-7.3	1.548	2.042
49	4	-7.3	2.235	4.801
49	5	-7.1	3.65	5.675
49	6	-6.9	1.861	2.659
49	7	-6.9	2.334	4.935
49	8	-6.6	3.857	6.761
49	9	-6.5	2.668	4.852
50	1	-7.5	0	0
50	2	-7.4	1.8	4.846
50	3	-7.3	1.4	1.937
50	4	-7.1	2.213	4.701
50	5	-6.7	2.032	2.734
50	6	-6.6	1.925	2.246
50	7	-6.5	3.878	5.259
50	8	-6.5	3.813	6.769
50	9	-6.5	3.474	6.026
51	1	-7.7	0	0
51	2	-7.3	1.739	4.949
51	3	-7.2	3.639	5.684
51	4	-7.2	1.351	1.732
51	5	-7.1	2.148	4.769
51	6	-6.7	1.797	2.4
51	7	-6.6	3.88	5.46
51	8	-6.6	3.166	5.776
51	9	-6.4	3.731	6.186
52	1	-7.6	0	0
52	2	-7.3	4.123	6.581
52	3	-7.1	4.221	6.518
52	4	-7.1	2.926	4.38
52	5	-7	1.866	2.792
52	6	-6.9	2.308	4.964
52	7	-6.9	4.296	6.675
52	8	-6.8	4.741	7.295
52	9	-6.8	2.157	3.341
53	1	-8.8	0	0
53	2	-8.7	1.182	1.755
53	3	-8.2	2.153	5.473
53	4	-8.1	3.234	5.669
53	5	-8	3.536	6.222
53	6	-7.8	3.307	5.978
53	7	-7.7	3.964	6.627
53	8	-7.7	3.758	6.145
53	9	-7.6	2.943	5.567
54	1	-7.8	0	0
54	2	-7.6	1.75	4.339
54	3	-7.5	1.818	2.414
54	4	-7.3	1.352	1.852
54	5	-7.3	4.151	5.736
54	6	-7.2	3.437	4.365
54	7	-7.1	1.727	2.232
54	8	-7.1	3.422	5.964
54	9	-6.9	3.755	4.823
55	1	-7.4	0	0
55	2	-7	2.83	4.138
55	3	-6.9	4.006	6.496
55	4	-6.9	1.809	4.718
55	5	-6.9	4.152	6.388
55	6	-6.9	1.713	2.741
55	7	-6.8	2.097	3.602
55	8	-6.8	2.216	3.205
55	9	-6.8	2.945	4.615
56	1	-7.9	0	0
56	2	-7.4	2.787	5.52
56	3	-7.2	3.351	5.333
56	4	-6.8	2.171	2.785
56	5	-6.8	4.354	7.554
56	6	-6.7	3.935	6.081
56	7	-6.6	1.864	4.571
56	8	-6.6	2.509	3.362
56	9	-6.5	3.399	5.398
57	1	-7.5	0	0
57	2	-7.5	1.127	1.784
57	3	-7.2	1.955	2.716
57	4	-7.1	3.518	5.16
57	5	-7	4.473	7.162
57	6	-6.9	4.475	6.998
57	7	-6.9	3.904	6.258
57	8	-6.7	3.265	4.763
57	9	-6.7	4.518	7.212
58	1	-9.1	0	0
58	2	-8.5	1.62	2.327
58	3	-8.3	3.306	5.959
58	4	-8.2	3.623	6.262
58	5	-8.1	2.027	5.56
58	6	-7.9	3.587	6.472
58	7	-7.9	1.837	2.42
58	8	-7.9	2.214	5.845
58	9	-7.8	2.121	5.354
59	1	-7.8	0	0
59	2	-7.8	1.283	1.302
59	3	-7.5	2.838	5.474
59	4	-7.3	4.144	6.769
59	5	-7.2	3.973	5.919
59	6	-7.1	3.5	5.921
59	7	-7.1	4.407	6.798
59	8	-7	1.488	2.174
59	9	-6.9	1.942	2.527
60	1	-7.3	0	0
60	2	-6.8	2.982	4.437
60	3	-6.8	3.867	6.016
60	4	-6.6	2.685	4.047
60	5	-6.6	4.293	6.52
60	6	-6.5	1.962	2.438
60	7	-6.4	4.467	6.962
60	8	-6.4	1.591	2.347
60	9	-6.3	3.833	6.382
61	1	-7.2	0	0
61	2	-7.1	2.871	4.206
61	3	-7.1	4.025	6.507
61	4	-7	2.073	3.18
61	5	-6.9	3.978	6.43
61	6	-6.9	4.292	6.532
61	7	-6.8	2.129	3.244
61	8	-6.8	3.381	5.687
61	9	-6.7	4.281	6.869
62	1	-7.5	0	0
62	2	-7.4	3.456	4.699
62	3	-7.2	1.07	1.781
62	4	-6.9	2.068	2.897
62	5	-6.8	2.118	3.586
62	6	-6.8	4.975	7.422
62	7	-6.7	2.368	4.912
62	8	-6.7	4.733	7.013
62	9	-6.6	4.363	5.875
63	1	-7.6	0	0
63	2	-7.5	1.116	1.795
63	3	-7.3	4.034	6.529
63	4	-7.1	3.464	5.147
63	5	-7	1.922	2.785
63	6	-6.9	4.411	6.961
63	7	-6.8	2.748	4.359
63	8	-6.8	3.961	5.302
63	9	-6.6	4.071	5.9
64	1	-9	0	0
64	2	-8.7	1.152	1.851
64	3	-8.3	2.213	5.487
64	4	-8.2	3.244	5.741
64	5	-8	3.55	6.191
64	6	-7.9	3.455	6.176
64	7	-7.8	1.261	2.041
64	8	-7.7	1.854	4.423
64	9	-7.7	1.598	2.311
65	1	-7.8	0	0
65	2	-7.6	1.308	1.701
65	3	-7.5	1.839	2.588
65	4	-7.3	2.162	2.72
65	5	-7.3	3.702	4.943
65	6	-7.3	4.201	5.766
65	7	-7.1	3.476	5.967
65	8	-7.1	1.732	2.522
65	9	-6.9	4.327	6.592
66	1	-7.4	0	0
66	2	-7.2	3.973	6.456
66	3	-7.2	2.832	4.135
66	4	-6.9	2.869	4.516
66	5	-6.9	4.184	6.416
66	6	-6.9	1.825	4.717
66	7	-6.8	2.271	4.965
66	8	-6.8	3.956	6.455
66	9	-6.8	2.207	3.337
67	1	-7.6	0	0
67	2	-7.5	2.032	3.083
67	3	-7.5	4.06	6.398
67	4	-7.2	4.154	6.703
67	5	-7.1	3.971	5.415
67	6	-7	1.739	2.325
67	7	-7	4.396	7.033
67	8	-7	2.236	5.053
67	9	-6.9	4.46	6.912
68	1	-8	0	0
68	2	-8	2.743	5.523
68	3	-7.6	1.92	3.683
68	4	-7.2	4.212	7.591
68	5	-7.2	1.924	4.581
68	6	-7.1	2.014	3.055
68	7	-7.1	4.107	6.566
68	8	-6.8	4.297	6.711
68	9	-6.8	4.204	7.605
69	1	-8.7	0	0
69	2	-8.5	1.06	1.794
69	3	-8.2	2.229	5.468
69	4	-8.1	3.189	5.704
69	5	-7.9	3.503	6.141
69	6	-7.9	1.903	4.849
69	7	-7.7	1.409	2.149
69	8	-7.4	2.389	5.143
69	9	-7.3	1.88	5.099
70	1	-7.8	0	0
70	2	-7.7	1.712	4.399
70	3	-7.6	1.169	1.395
70	4	-7.5	2.123	4.737
70	5	-7.5	2.44	3.939
70	6	-7.4	1.7	2.041
70	7	-7.3	4.117	5.693
70	8	-7.3	3.622	4.836
70	9	-7.3	1.72	2.412
71	1	-7.4	0	0
71	2	-7.3	3.972	6.415
71	3	-7.1	2.958	4.263
71	4	-7	2.001	3.782
71	5	-7	2.215	3.344
71	6	-6.9	3.326	5.66
71	7	-6.7	2.198	3.137
71	8	-6.6	2.261	3.012
71	9	-6.5	2.553	4.083
72	1	-7.9	0	0
72	2	-7.9	0.643	1.604
72	3	-7.6	2.854	5.465
72	4	-7.1	3.361	5.341
72	5	-6.9	4.678	6.8
72	6	-6.8	2.114	2.77
72	7	-6.6	4.604	6.954
72	8	-6.5	3.747	5.945
72	9	-6.5	1.571	2.231
73	1	-8.2	0	0
73	2	-7.6	2.324	5.089
73	3	-7.3	1.642	2.279
73	4	-7.2	1.894	4.401
73	5	-7.2	3.326	5.553
73	6	-6.9	4.432	6.804
73	7	-6.9	1.978	5.031
73	8	-6.9	4.268	7.545
73	9	-6.7	3.653	6.05
74	1	-8.9	0	0
74	2	-8.7	1.152	1.893
74	3	-8.3	2.22	5.524
74	4	-8.1	3.455	6.148
74	5	-7.9	4.164	7.221
74	6	-7.7	1.599	2.357
74	7	-7.7	4.12	6.704
74	8	-7.5	1.899	5.027
74	9	-7.5	2.051	5.325
75	1	-7.7	0	0
75	2	-7.6	1.699	4.376
75	3	-7.4	1.731	2.326
75	4	-7.4	3.622	4.843
75	5	-7.4	2.261	2.989
75	6	-7.4	2.409	3.879
75	7	-7.3	4.179	5.731
75	8	-7.2	3.33	4.252
75	9	-6.9	3.354	4.889
76	1	-7.3	0	0
76	2	-7	4.023	6.407
76	3	-6.9	2.861	4.202
76	4	-6.8	4.281	6.656
76	5	-6.8	2.844	4.394
76	6	-6.7	4.169	6.485
76	7	-6.7	2.108	3.078
76	8	-6.7	1.791	2.366
76	9	-6.6	2.46	5.018
77	1	-7.7	0	0
77	2	-7.5	1.088	2.044
77	3	-7.4	4.071	6.658
77	4	-7.2	4.214	6.524
77	5	-7.1	1.748	2.847
77	6	-7.1	2.969	4.348
77	7	-7	4.717	7.308
77	8	-6.9	2.031	4.723
77	9	-6.9	4.07	6.628
78	1	-8.7	0	0
78	2	-8.6	0.993	1.712
78	3	-8.1	1.97	5.209
78	4	-8.1	3.153	5.708
78	5	-7.8	3.998	6.654
78	6	-7.7	1.293	1.648
78	7	-7.3	1.987	4.945
78	8	-7.3	3.698	6.196
78	9	-6.9	3.955	6.419
79	1	-7.7	0	0
79	2	-7.7	1.706	4.456
79	3	-7.4	2.156	4.804
79	4	-7.4	1.734	2.495
79	5	-7.3	2.435	4.008
79	6	-7.3	4.061	5.693
79	7	-7.2	1.655	2.399
79	8	-7.2	2.108	4.522
79	9	-7.2	3.668	4.9
80	1	-7.3	0	0
80	2	-6.8	3.947	6.388
80	3	-6.8	4.202	6.694
80	4	-6.7	2.648	4.1
80	5	-6.7	4.211	6.546
80	6	-6.6	3.168	4.754
80	7	-6.6	1.811	4.515
80	8	-6.5	4.448	7.046
80	9	-6.3	2.056	2.961
81	1	-8.9	0	0
81	2	-8.8	1.218	2.155
81	3	-8.4	2.174	5.442
81	4	-8.2	3.577	6.245
81	5	-7.9	1.288	1.728
81	6	-7.7	4.045	6.744
81	7	-7.4	4.092	6.555
81	8	-7.3	1.911	2.45
81	9	-6.9	3.979	5.911
82	1	-7.7	0	0
82	2	-7.5	4.15	6.621
82	3	-7.3	1.063	1.879
82	4	-7.1	2.102	2.749
82	5	-7.1	2.995	4.422
82	6	-7.1	3.17	4.481
82	7	-7	2.201	4.861
82	8	-7	1.846	2.818
82	9	-6.9	1.894	2.857
